0 0.0 0.13193792996006692 
1 0.0 0.8728249028222038 
2 0.40402553547296727 0.6036661599118153 
3 0.6782933706667377 0.6943601308727055 
4 0.0 0.8270060819000679 
5 0.0 0.9878835116179719 
6 0.0 0.8107387565205421 
7 0.0 0.11810716437915225 
8 0.0 0.8879695638501236 
9 0.8986431089738667 0.035813918981499215 
10 0.0 0.7902261352077945 
11 0.0 0.8520774518652533 
12 0.0 0.07420771029178486 
13 0.0 0.06393773308533168 
14 0.0 0.7870342803642247 
15 0.9419063924051168 0.07777320169008684 
16 0.1776855789669769 0.02297217845234578 
17 0.0 0.8460454611283719 
18 0.49835140781785736 0.2072409129745716 
19 0.0 0.8829632238068893 
20 0.0 0.9521057540473704 
21 0.0 0.6001726160695438 
22 0.12495982251647764 0.9994692337964699 
23 0.0 0.666652875928127 
24 0.0 0.00805042902947073 
25 0.6561395771255728 0.25370805926740125 
26 0.0 0.5889104305664898 
27 0.26730882901472497 0.0699668677311095 
28 0.8478132055310793 0.9831931436057716 
29 0.0 0.4618943827195855 
30 0.0 0.0279918637631561 
31 0.20744719806544387 0.47010586418365063 
32 0.0 0.7041927394969467 
33 0.0 0.19994519772023456 
34 0.0 0.3379303500858506 
35 0.2240933288198821 0.9728297447592523 
36 0.0 0.7883725879012056 
37 0.5255281619840785 0.7085058527058663 
38 0.0 0.017964914566229617 
39 0.6805309461197776 0.645597506432494 
40 0.0 0.6101530126402195 
41 0.0 0.03702933731615443 
42 0.0 0.7943222805567275 
43 0.0 0.5430425316314927 
44 0.08962868012436143 0.2820614282833216 
45 0.1551919162727462 0.4235932130706329 
46 0.1660880538139211 0.24061904539093637 
47 0.0 0.4116911020101839 
48 0.0 0.5987693630637774 
49 0.5780083803984818 0.4176920653594033 
50 0.0 0.9118699320193104 
51 0.0 0.1500940681723657 
52 0.23794247046202432 0.6282928605817568 
53 0.0 0.8172143583779207 
54 0.0 0.5447905419327783 
55 0.0 0.38147417140468665 
56 0.8464900921791546 0.13121838505118655 
57 0.0 0.45052740798983004 
58 0.0 0.9133458730117533 
59 0.0 0.11259855176561429 
60 0.0 0.3253668339953242 
61 0.0 0.6964780324961521 
62 0.15474752619485865 0.8445275912254181 
63 0.0 0.6129477986998835 
64 0.0 0.767916616276546 
65 0.0 0.11443652157671402 
66 0.0 0.07541771867371727 
67 0.9327685409621244 0.8686032617858865 
68 0.9546117232944961 0.2147474973131689 
69 0.0 0.9946752687410336 
70 0.0 0.5174469769173253 
71 0.0 0.7737587672226873 
72 0.0 0.10538847431537413 
73 0.0 0.29599794719124783 
74 0.21217056249665467 0.6916779307878895 
75 0.0 0.6644910052229098 
76 0.0 0.0462169312716163 
77 0.1778071130947797 0.2064034313000741 
78 0.0 0.6153800707342966 
79 0.0 0.5348883612134883 
80 0.0 0.3233883938214056 
81 0.0 0.604826846020476 
82 0.7389852998128555 0.059876961817613816 
83 0.0 0.9555938859997687 
84 0.0 0.651599276620571 
85 0.6387019580498029 0.31844857673560734 
86 0.0 0.14048091613437586 
87 0.0 0.5667139109747654 
88 0.0 0.3619101900973165 
89 0.6966966452724983 0.14713782914341178 
90 0.8424707710407184 0.1235460422253215 
91 0.6686844794519746 0.8602371241672163 
92 0.6266387809155287 0.07151331942730743 
93 0.5223528484081591 0.8907609347413944 
94 0.7697739466484326 0.2860272184841577 
95 0.0 0.8072740153134224 
96 0.77823555055579 0.9936703889090652 
97 0.0 0.5226804912387137 
98 0.0 0.6563220905879994 
99 0.0 0.20763127398518333 
100 0.0 0.02940614679376885 
101 0.8499961758745029 0.5888165885536788 
102 0.46951943443352995 0.29802574532618176 
103 0.0 0.5888711943664574 
104 0.22089872802131616 0.6951092215507662 
105 0.1438088220720004 0.404452086240929 
106 0.7315842772938863 0.9727220754481548 
107 0.0 0.9338168610174149 
108 0.0 0.882789045683111 
109 0.0 0.38738262657123557 
110 0.3465186560122653 0.9653136259763246 
111 0.9325103885907228 0.24038722811134383 
112 0.0 0.18759780474000753 
113 0.09550631247020547 0.7863302404262543 
114 0.0 0.434485813667592 
115 0.0 0.6353066625703814 
116 0.0 0.2575617107640782 
117 0.0 0.651007329644964 
118 0.0 0.6479441494206041 
119 0.0 0.8646387963857165 
120 0.0 0.2163339554909014 
121 0.7923207405296029 0.022920395847535024 
122 0.0 0.24000805276875026 
123 0.0 0.6172801304991893 
124 0.0 0.8035838445750123 
125 0.6325306829775615 0.40737766564846 
126 0.0 0.13668500406610729 
127 0.10217785895075437 0.9716949540843804 
128 0.0 0.427380996080305 
129 0.0 0.4160742407968029 
130 0.0 0.22171485258034307 
131 0.0 0.3724914764274446 
132 0.3742252999924286 0.6895662225081284 
133 0.0 0.3205927080486578 
134 0.0 0.5831648947339348 
135 0.0 0.9073192078622352 
136 0.0 0.7517312322943224 
137 0.008297393994760927 0.3152271762347145 
138 0.0 0.13914672238639914 
139 0.0 0.5993253242515932 
140 0.0 0.553878654865502 
141 0.3500364261188773 0.3990147203862616 
142 0.6968092304751796 0.041765399456462404 
143 0.0 0.5951781366196415 
144 0.0 0.968199027772596 
145 0.0 0.6684949524368796 
146 0.0 0.8629987025256888 
147 0.0 0.6375249922264352 
148 0.0 0.6871706358265902 
149 0.07119670785888543 0.09555101386215858 
150 0.0 0.9533155870787827 
151 0.0 0.7918257346543255 
152 0.42911494232632064 0.260800406388332 
153 0.05173183434413198 0.6770596014534754 
154 0.0 0.5553828071306174 
155 0.0 0.5986668394189021 
156 0.0 0.9990343504389357 
157 0.9281841318952863 0.22999481191907434 
158 0.0 0.40750048954594986 
159 0.20010709961273698 0.3738281705075607 
160 0.26000849378581037 0.5223485850903268 
161 0.0 0.18704518333363263 
162 0.0 0.7964832980411118 
163 0.8124551448597973 0.2451232504003874 
164 0.0 0.25040523551768046 
165 0.48362087458639036 0.3621177503582582 
166 0.2372104483032451 0.04652392036069042 
167 0.0 0.3684444275762008 
168 0.0 0.8627443735308834 
169 0.0 0.8565136130637938 
170 0.0 0.07834340165460596 
171 0.0 0.47345074087533545 
172 0.0 0.8286482904721423 
173 0.34514920627516466 0.15617924027342123 
174 0.0 0.35649501863194855 
175 0.0 0.6436089573349396 
176 0.0 0.3193286608540219 
177 0.7012413696719867 0.06360288004420367 
178 0.0 0.5390160551343469 
179 0.0 0.2958679606944279 
180 0.0 0.5016753227798992 
181 0.0 0.08411943453976267 
182 0.5814585639926065 0.6131630571021024 
183 0.7792176498008582 0.11605981183966574 
184 0.877356914222293 0.7229057422263951 
185 0.0 0.5392537966544213 
186 0.8692338360460099 0.8221033612695561 
187 0.0 0.23979893919378126 
188 0.0 0.9812635126901474 
189 0.0 0.6313132938475954 
190 0.0 0.5461816506259732 
191 0.0 0.5357466611795555 
192 0.4822717237154829 0.8886436172005613 
193 0.552816909757073 0.8803634247279595 
194 0.0 0.030470757691515638 
195 0.43283017474573715 0.8978985839507966 
196 0.0 0.3867959185675205 
197 0.8229886511312645 0.5439068291251294 
198 0.3851963543336826 0.45094821153865183 
199 0.0 0.6311354395676528 
200 0.0 0.8701130449806305 
201 0.0 0.06175851349547057 
202 0.0 0.8796288717747184 
203 0.0 0.31897070053347343 
204 0.0 0.8848978855468485 
205 0.0 0.5905882153227827 
206 0.0 0.12038109676426978 
207 0.0 0.9066546579198689 
208 0.0 0.9713482724458466 
209 0.8858221835195728 0.28445722699477516 
210 0.0 0.38202540300674837 
211 0.5134065639262494 0.8110655483224671 
212 0.0 0.8000044854550636 
213 0.9434007480774749 0.7352996354804151 
214 0.0 0.23414409968169014 
215 0.0 0.7021647480499863 
216 0.0 0.23747433849217336 
217 0.0 0.34568023151516747 
218 0.19916816376338198 0.6256269998233923 
219 0.0 0.2677877234903968 
220 0.0 0.37094714803520545 
221 0.7714133271217227 0.02463067980090139 
222 0.0 0.17075157357298965 
223 0.0 0.5913185506105684 
224 0.0 0.2814636160978743 
225 0.0 0.3539261328687986 
226 0.0 0.07711357442250455 
227 0.0 0.0698017989096501 
228 0.0 0.4554129370630636 
229 0.5932789204631983 0.9626017787732586 
230 0.3586198047988266 0.6091651227404441 
231 0.0 0.6868863230579013 
232 0.016820362698941826 0.2545047120071028 
233 0.21054948526383133 0.3539460894395786 
234 0.0 0.7541834643495261 
235 0.0 0.7802179774340191 
236 0.0 0.3559330488917416 
237 0.0 0.6194304699095718 
238 0.13517598124170704 0.08496189120634978 
239 0.0 0.6274861508900876 
240 0.0 0.4445344177721946 
241 0.0 0.8686731252427596 
242 0.0 0.28307064164725604 
243 0.0 0.33935181513113244 
244 0.09134698806515873 0.0001913176990349097 
245 0.0 0.7810106609170406 
246 0.0 0.8731777486710827 
247 0.0 0.28158741190333336 
248 0.8273706790000718 0.34530596937109315 
249 0.0 0.12937977319473004 
250 0.0 0.03116270947106814 
251 0.0 0.25386441626995904 
252 0.0 0.7959860165654855 
253 0.0 0.39743098046834247 
254 0.0 0.38337462746580286 
255 0.0 0.07732150298040086 
256 0.0 0.21292151700202 
257 0.03543991085412157 0.5632541698243255 
258 0.0 0.4744536731428235 
259 0.0 0.9502469569085189 
260 0.0 0.834052969702168 
261 0.0 0.13071115932048571 
262 0.0 0.14730984064262986 
263 0.0 0.23748821122226305 
264 0.5759204498608143 0.7024526770541758 
265 0.0 0.5581079544606089 
266 0.0 0.24889366285716996 
267 0.0 0.9101779672456916 
268 0.0 0.943467072263296 
269 0.0 0.23575577452839447 
270 0.9088441024079851 0.4127273832894809 
271 0.0 0.7710036621933601 
272 0.11187648315316834 0.6644780408174716 
273 0.2577184475060952 0.29516852014227923 
274 0.012689012007722988 0.41594114033871366 
275 0.0 0.1807085929723311 
276 0.0 0.7910824155102 
277 0.7976151795646396 0.8748177926745319 
278 0.0 0.18216714362266417 
279 0.0 0.5179631531957537 
280 0.0 0.31501811709452665 
281 0.0 0.05569522699110485 
282 0.0 0.6804546281703934 
283 0.0 0.2749699456374787 
284 0.0 0.5883552989421874 
285 0.0 0.2931343433691621 
286 0.0 0.9838961877497762 
287 0.0 0.07107188990263602 
288 0.0 0.36250419282523016 
289 0.0 0.25379756719895374 
290 0.1367142981142887 0.5821693705459267 
291 0.0 0.6317161292966025 
292 0.0 0.1512095193789077 
293 0.0 0.9223800988111069 
294 0.0 0.06329635517018606 
295 0.0 0.3193824215434695 
296 0.0 0.27202125343901395 
297 0.0 0.45359442229941305 
298 0.0 0.150659309374792 
299 0.0 0.3159734365261937 
300 0.006485500343559325 0.8865300618341511 
301 0.0 0.17611221875590743 
302 0.0 0.0013777110732972053 
303 0.5947374000217186 0.3840230598878661 
304 0.0 0.43749507798668164 
305 0.2486379915398813 0.9582310481417966 
306 0.0 0.13099408870014884 
307 0.8218861543345681 0.7036546023783137 
308 0.0 0.27498643247956256 
309 0.0 0.5075343252244229 
310 0.46233161728352523 0.2961239776041641 
311 0.0 0.974187611340003 
312 0.0 0.8693195332161197 
313 0.0 0.6476502106001886 
314 0.7293125445358777 0.48575324612008186 
315 0.40019027935534157 0.646287691340699 
316 0.0 0.4594782605716755 
317 0.09418772615357784 0.2704209259504071 
318 0.0 0.5451133302120187 
319 0.0 0.3582037044091333 
320 0.0 0.40700197243014535 
321 0.0 0.36623760784755754 
322 0.0 0.14542547494551716 
323 0.6221232475714914 0.5656575032892527 
324 0.0 0.7515808212279075 
325 0.0 0.2816227805588257 
326 0.6932895832846625 0.4072241439191291 
327 0.0 0.5931693733769016 
328 0.9495418194728321 0.547796621499874 
329 0.0 0.8988220347683358 
330 0.0 0.9369738406674583 
331 0.0 0.0783647267761507 
332 0.0 0.9111821400349729 
333 0.8137035916210549 0.2304572138000891 
334 0.0 0.4092819771863089 
335 0.35767512007325253 0.2769626969380231 
336 0.0 0.39015553028861594 
337 0.0 0.8081946375284412 
338 0.4433879035552537 0.7373894559559334 
339 0.0 0.9866229950513452 
340 0.0 0.9459998272557039 
341 0.0 0.8715531869577394 
342 0.0 0.868758302815848 
343 0.731013496119218 0.9254932865429959 
344 0.0 0.06084320110119612 
345 0.0 0.06783584339746074 
346 0.0 0.9178719877225969 
347 0.0 0.6105907811319725 
348 0.0 0.2474217907912757 
349 0.6355575716584079 0.5191625210135674 
350 0.0 0.700349084530916 
351 0.4335672333901044 0.7465967424324313 
352 0.09000532635993352 0.3015657065675953 
353 0.0 0.41558764808848525 
354 0.0 0.9553838875715918 
355 0.0 0.37989258927841063 
356 0.0 0.9333300449143813 
357 0.37708030443552476 0.08996183534319069 
358 0.0 0.08865645370113984 
359 0.0 0.09615882865143555 
360 0.8137686811262437 0.3683296075875797 
361 0.0 0.902518321903088 
362 0.0 0.9562680735877642 
363 0.014645501473218747 0.16513699240831914 
364 0.0 0.9142392177998313 
365 0.0 0.7141204808031401 
366 0.0 0.8127590241957906 
367 0.0 0.26760371663584803 
368 0.0 0.8236970135292707 
369 0.0 0.6180378924450188 
370 0.0 0.2518048417226453 
371 0.23439085502783075 0.9015960298136768 
372 0.0 0.35171707094146665 
373 0.0 0.9089308315413434 
374 0.0 0.028240938405935334 
375 0.0 0.35920426112614057 
376 0.8381772160401986 0.47958805296276585 
377 0.0 0.5037061279179067 
378 0.5762381441308141 0.4738776330025195 
379 0.0 0.717308777327948 
380 0.0 0.162578997960227 
381 0.0 0.5139698483423798 
382 0.0 0.8130041960062463 
383 0.6811162744413315 0.8509520430205624 
384 0.0 0.48062503290088965 
385 0.41532925433376155 0.0470207586889676 
386 0.8760431616990413 0.6284375832173305 
387 0.43747474629703553 0.24191909640135423 
388 0.0 0.38499336409426144 
389 0.7882191001368263 0.44236072690296624 
390 0.7487281137394132 0.10185106744205441 
391 0.0 0.537978838418939 
392 0.94675654036536 0.1131839640751966 
393 0.0 0.9046368464944305 
394 0.0 0.8878974071541929 
395 0.0 0.023990735004484787 
396 0.45984190056776 0.6763280043623818 
397 0.37885178889417226 0.7019050250151546 
398 0.0 0.7954244336947162 
399 0.0 0.601844579557149 
400 0.7942446516573977 0.24463665114143096 
401 0.0 0.4900398978086342 
402 0.0 0.04880831405690844 
403 0.0 0.44192497933501984 
404 0.04537185121689369 0.3005693023217396 
405 0.053013014685237225 0.7123258288442497 
406 0.1836709455742841 0.8849327626390344 
407 0.0 0.82950732963584 
408 0.5877761184906851 0.9079390801023386 
409 0.0 0.5117118456564757 
410 0.0 0.4439331191058524 
411 0.16167280533031003 0.7038969746799123 
412 0.0 0.2881837134505688 
413 0.0 0.9277157224350858 
414 0.0 0.13521040164143716 
415 0.0 0.724726734350645 
416 0.0 0.7673565957783353 
417 0.0 0.6501490416863979 
418 0.26439685320505446 0.014083133271560855 
419 0.0 0.06128493862703144 
420 0.0 0.4917784403029407 
421 0.0 0.6620838664430971 
422 0.0 0.13907057795098954 
423 0.0 0.322086753408112 
424 0.0 0.011584881900833843 
425 0.0 0.8533386202570018 
426 0.08607944357946284 0.8299996137952034 
427 0.8058555453026714 0.8618415829725232 
428 0.0 0.9865040458264493 
429 0.0 0.26459150710840884 
430 0.0 0.9406919080856814 
431 0.0 0.32413723727238075 
432 0.0 0.7061602260798253 
433 0.03296141453830559 0.34905793300145116 
434 0.0 0.4215715606169901 
435 0.0 0.2178223741509302 
436 0.0 0.1659397045025951 
437 0.0 0.5111023972717341 
438 0.16330584692436367 0.17473954175813655 
439 0.11248190507722067 0.44729883132709714 
440 0.0 0.9484843309272347 
441 0.0 0.16282446062369005 
442 0.13359752477996834 0.14180990985339892 
443 0.0 0.47715799584556007 
444 0.5634404211007686 0.248018075571385 
445 0.03975874522736822 0.9196637182495981 
446 0.0 0.5597192548272617 
447 0.6612390004083428 0.7470849469960062 
448 0.0 0.8826269970815637 
449 0.0 0.04104886942539876 
450 0.0 0.5924585380440225 
451 0.0 0.962843528097837 
452 0.8549687007791502 0.11645363858116031 
453 0.09421394735148525 0.8777249479453345 
454 0.0 0.6574754110447733 
455 0.0 0.09201667997350249 
456 0.0 0.025782617259140106 
457 0.0 0.9713429427170778 
458 0.0 0.16904194354412283 
459 0.7624784158622013 0.19866947556767878 
460 0.0 0.8676663501696866 
461 0.7880786118883303 0.321952678860699 
462 0.0 0.9401566115214585 
463 0.5701537884246412 0.9048619183592266 
464 0.0 0.9670333483527449 
465 0.0 0.5758812777034588 
466 0.0 0.7633021329732431 
467 0.0 0.4243056868978049 
468 0.0 0.9212073638769928 
469 0.7096709678471413 0.10299800123154279 
470 0.0 0.012880393683093794 
471 0.0 0.07376741231692296 
472 0.0 0.18103144397683224 
473 0.0 0.4959946454080447 
474 0.9652690149234021 0.7137452623439671 
475 0.0 0.69922206230501 
476 0.0 0.9776771404400575 
477 0.5940852961217836 0.9279745223653364 
478 0.0 0.5201991707678396 
479 0.0 0.09736046209995852 
480 0.0 0.26040514446288043 
481 0.0 0.2304147135173389 
482 0.0 0.16757511711672857 
483 0.0 0.4437020310283806 
484 0.0 0.8890586111922129 
485 0.5027411498197146 0.8875362772253764 
486 0.1819238938988006 0.10679941628375345 
487 0.0 0.8767034969704942 
488 0.0 0.12288551602979814 
489 0.8314362983680875 0.03478812837966916 
490 0.0 0.5933072525616744 
491 0.0 0.731814942230185 
492 0.8609932961165708 0.5703567841874281 
493 0.0 0.6922439813251519 
494 0.0 0.07776015695942184 
495 0.0 0.9982618377522001 
496 0.379278580944195 0.04513287935207988 
497 0.7992180699145724 0.009608874587771044 
498 0.7537071905134001 0.27961024185395456 
499 0.43309531856133554 0.6859814627077071 
500 0.0 0.7001870962366618 
501 0.0 0.4873129953845188 
502 0.0 0.866920470937055 
503 0.36026025691865904 0.6613548485362798 
504 0.0 0.2934931561706843 
505 0.0 0.18614745802578192 
506 0.0 0.024616135731569733 
507 0.0 0.7782017603716296 
508 0.7921527775746019 0.6374052331839293 
509 0.0 0.8702185549359541 
510 0.0 0.39974636593675006 
511 0.0 0.9852630670828363 
512 0.0 0.9156990969932721 
513 0.0 0.06585016270880184 
514 0.0 0.26339997563267115 
515 0.0 0.379060860588317 
516 0.7483239767710095 0.20832362364435275 
517 0.0 0.08267463594838675 
518 0.0 0.6128797701249481 
519 0.0 0.11735996540174509 
520 0.0 0.9339322269185157 
521 0.7180479841608897 0.6500779825588733 
522 0.0 0.11223725872571821 
523 0.9977434098757992 0.7447846515424933 
524 0.9442872617816316 0.0971061841133718 
525 0.0 0.9138411302567402 
526 0.0 0.9880495558938119 
527 0.9101600642185254 0.987045450455846 
528 0.0 0.3546406689103413 
529 0.0 0.44515289597441654 
530 0.0 0.6621417863596737 
531 0.0 0.2423746118676472 
532 0.0 0.37460787471970536 
533 0.0 0.5535367378379606 
534 0.0 0.1660248514548207 
535 0.0 0.5232336682221991 
536 0.0 0.21955125161510147 
537 0.0 0.8316299312671762 
538 0.236446522063943 0.28419547533346134 
539 0.0 0.7240011118253249 
540 0.5309451023484164 0.2897568543679043 
541 0.0 0.049417095303470826 
542 0.0 0.7056830830306329 
543 0.0 0.36709016897445923 
544 0.0 0.04459490956078438 
545 0.0 0.8493933842188506 
546 0.0 0.5986735261145003 
547 0.0 0.9674200409930676 
548 0.0 0.4942200735507214 
549 0.0 0.2503735447751404 
550 0.34490666637855016 0.006264895013463834 
551 0.0 0.504248883782189 
552 0.0 0.8391431125972043 
553 0.0 0.1859693647653501 
554 0.0 0.08053762112758422 
555 0.0 0.12770173249372796 
556 0.0 0.3648655781546146 
557 0.0 0.11192146542424819 
558 0.0 0.07595511977408487 
559 0.0 0.9213239550719591 
560 0.0 0.5180312187308881 
561 0.5636990542678887 0.10649553037112391 
562 0.0 0.7169020181022244 
563 0.0 0.21005452076672704 
564 0.0 0.0020100057052812037 
565 0.5435465682854721 0.4043682543670307 
566 0.0 0.2693058844583005 
567 0.0 0.9450955462130533 
568 0.0 0.008693976676217297 
569 0.0 0.8441661622349717 
570 0.670966918296742 0.8437857012263217 
571 0.0 0.3304692959368408 
572 0.0 0.6545933183160693 
573 0.0 0.904469760217929 
574 0.3424353018796138 0.5985949273653619 
575 0.16976271418936972 0.8188312449672819 
576 0.8245503191936362 0.23534878404795623 
577 0.0 0.584071837835396 
578 0.4933810536989399 0.6732946911676911 
579 0.0 0.418841452052241 
580 0.0 0.38314135826590656 
581 0.6420599126771367 0.18744210476792889 
582 0.1901869681206969 0.6370931091596228 
583 0.0 0.6588736257290297 
584 0.0 0.25484472592785823 
585 0.0 0.5104371758343468 
586 0.8151168060193236 0.08060200164955544 
587 0.4103879598656074 0.7504669128476483 
588 0.0 0.4992910669944396 
589 0.0 0.8757248505697464 
590 0.0 0.5176269177634545 
591 0.2396528742184123 0.6498021280763601 
592 0.0 0.782421749160945 
593 0.0 0.5623788182276819 
594 0.8816747420915926 0.1890297027281833 
595 0.0 0.7188881950675758 
596 0.0 0.15205128250470812 
597 0.8601278239842158 0.9285757693233426 
598 0.0 0.7287470697927083 
599 0.0 0.7933659420053683 
600 0.0 0.23246328317585574 
601 0.0 0.12480021410945852 
602 0.2638662408460207 0.8385471865954713 
603 0.0 0.6481889167971991 
604 0.0 0.7921699996681344 
605 0.482635837521731 0.9654494082743469 
606 0.9170080736390459 0.2835760848836948 
607 0.0 0.32707582324973106 
608 0.0 0.7922851951432545 
609 0.0 0.16842076144991835 
610 0.0 0.24005535838781422 
611 0.7373083160657288 0.4066401385171958 
612 0.0 0.6492771251278054 
613 0.0 0.5382304532992823 
614 0.0 0.5253758350179513 
615 0.27797905096223396 0.11845121313973539 
616 0.0 0.16539248399147966 
617 0.0 0.09845387864133615 
618 0.0 0.6711797737387251 
619 0.0 0.645393439824454 
620 0.0 0.7444977450201067 
621 0.0 0.25243692601542156 
622 0.0 0.07009181860524138 
623 0.846492843158683 0.4859519026957415 
624 0.0 0.5182078968187962 
625 0.0 0.45686606995283174 
626 0.0 0.7046652418256607 
627 0.0 0.13724276029664817 
628 0.14512856815818798 0.7748910555724203 
629 0.0 0.652688989466005 
630 0.26444995856892295 0.7471671266594282 
631 0.9660257247333743 0.6171073982434334 
632 0.0 0.3164828093886579 
633 0.0 0.892383522049229 
634 0.0 0.8216021741780501 
635 0.14563847074616842 0.3372748359366695 
636 0.0 0.9025637533654894 
637 0.0 0.7902273115628077 
638 0.0 0.9550322437963827 
639 0.0 0.5961977348273304 
640 0.0 0.05377203826471022 
641 0.0 0.4595473637059818 
642 0.0 0.68524081695402 
643 0.0 0.9672439528631531 
644 0.0 0.4606412863838828 
645 0.6558940450283984 0.9753426199249396 
646 0.0 0.6733281717905512 
647 0.26010916199903367 0.8724859617750443 
648 0.0 0.27346415326192575 
649 0.03992541320722831 0.013347642623013023 
650 0.0 0.010972187490395191 
651 0.0 0.672108821684799 
652 0.0 0.3165062286728433 
653 0.0 0.43498665879819687 
654 0.42665130355938274 0.23750076468179582 
655 0.0 0.4289308806998331 
656 0.0 0.960198254313266 
657 0.0 0.7926338844418583 
658 0.0 0.33798849471465264 
659 0.0 0.9210717137900836 
660 0.0 0.023093844004544728 
661 0.8920936506844512 0.553433012547831 
662 0.4747057545365908 0.5200629321427841 
663 0.0 0.9248711190718986 
664 0.0 0.5261058065922872 
665 0.0 0.6599616674552973 
666 0.905535552944825 0.22054359561043413 
667 0.0 0.46271875118055894 
668 0.9308366137147717 0.3313341956270405 
669 0.0 0.8094703237867499 
670 0.0 0.3787477201300564 
671 0.0 0.15284213030930305 
672 0.6622946743088146 0.7198058132871559 
673 0.18740384363844154 0.456603725606051 
674 0.20918435947713643 0.3550627786703664 
675 0.0 0.07427042610983814 
676 0.0 0.6878445123400013 
677 0.0 0.7192740430350543 
678 0.0 0.2196013716852857 
679 0.9862665181159557 0.47525382570973984 
680 0.0 0.033299886880978624 
681 0.0 0.6856462778786486 
682 0.79635659896203 0.6695669475401268 
683 0.0 0.6745686429363836 
684 0.0 0.04106157891100337 
685 0.0 0.4830967768303974 
686 0.6427942815647976 0.8333737541233547 
687 0.0 0.7885955147197272 
688 0.0 0.6680690964620593 
689 0.0 0.9138846813830648 
690 0.0 0.6808590776232896 
691 0.7577303057607501 0.3697708643347781 
692 0.0 0.6399406125800149 
693 0.3861519290383759 0.6216756834128989 
694 0.0 0.27055121016132244 
695 0.0 0.14658733159309767 
696 0.0 0.3890851826496009 
697 0.0 0.17691579424190607 
698 0.0 0.8467933664588767 
699 0.0 0.5687938305533975 
700 0.08450863063500302 0.1246801950003813 
701 0.29097290796947417 0.2753462887742274 
702 0.28568824672689586 0.27189292594741243 
703 0.6790563897187863 0.5784478016347219 
704 0.0 0.40800025683132146 
705 0.0 0.6830548723247598 
706 0.0 0.0790238430492296 
707 0.0 0.9001972063060415 
708 0.0 0.3559424448555474 
709 0.6154983984127103 0.6596730793748512 
710 0.0 0.31394549008328665 
711 0.0 0.3376340363358571 
712 0.0 0.2668515013356386 
713 0.0 0.8570672025969703 
714 0.0 0.6205755811000754 
715 0.0 0.02169625238952355 
716 0.46684034891767223 0.30894122242124644 
717 0.0 0.5812741940233974 
718 0.0 0.08523463071920334 
719 0.2781738005592945 0.8363624910034269 
720 0.0 0.7775204663038191 
721 0.0 0.31971172824584615 
722 0.0 0.1113070938517583 
723 0.0 0.39929656509186573 
724 0.0 0.8560757440064347 
725 0.2287600020558318 0.3895730573388706 
726 0.0 0.9280561339180211 
727 0.0 0.9956463682973107 
728 0.6461153895980418 0.7905162942842642 
729 0.0 0.9817427674218073 
730 0.0 0.634947406111468 
731 0.0 0.5862043837201887 
732 0.0 0.7496955042430731 
733 0.0 0.05979009523215273 
734 0.6556752811739092 0.7920324099932207 
735 0.6719327075830287 0.5144831499964718 
736 0.0696190684745055 0.6426041114650188 
737 0.0 0.6734662191491924 
738 0.0 0.6209526655657894 
739 0.0 0.47726778285093197 
740 0.0 0.5704529890694796 
741 0.0 0.7456475812607546 
742 0.0 0.026047182130348956 
743 0.0 0.07744022282094543 
744 0.6202964251787794 0.917933391643789 
745 0.0 0.6138559258592385 
746 0.0 0.014402732333547719 
747 0.6823684245548592 0.9546825985994293 
748 0.0 0.44154602165862955 
749 0.10775003294529983 0.10950057292183146 
750 0.0 0.4538798626678302 
751 0.0 0.9646048708739604 
752 0.07530458380525895 0.1879193308724756 
753 0.0 0.747271388993726 
754 0.0 0.43983504644528015 
755 0.06380375961203011 0.8770277670166622 
756 0.0 0.4791516747432336 
757 0.0 0.04994474413096506 
758 0.0 0.3493928696289017 
759 0.0 0.21064425880209514 
760 0.0 0.3282325545799557 
761 0.6108055570524712 0.7895233705028716 
762 0.8040101099699333 0.6583001654870416 
763 0.0 0.2086015086967168 
764 0.5915824957689573 0.2625741449009328 
765 0.0 0.17952593026800245 
766 0.7604063623138145 0.6692626951733623 
767 0.0 0.9367221792258514 
768 0.0 0.9125382066574926 
769 0.1751924440966911 0.9158118155490435 
770 0.0 0.7526500871259428 
771 0.0 0.7195608432038536 
772 0.0 0.1929294687793427 
773 0.0 0.20520799033931347 
774 0.0 0.8875062487999309 
775 0.5176300446747356 0.8921126549020909 
776 0.5117436638121398 0.9244649128898212 
777 0.0 0.36717434563735285 
778 0.5486000495936552 0.329591876701427 
779 0.0 0.43572454856682297 
780 0.45513626840264854 0.3513290166115536 
781 0.0 0.8051596729617201 
782 0.0 0.7665735574850666 
783 0.0 0.7899201783108144 
784 0.0 0.40337623253132826 
785 0.0 0.7447249878332896 
786 0.7244014660893717 0.4492717461775505 
787 0.0 0.32419530919253237 
788 0.6837687487363311 0.103508565073963 
789 0.0 0.15422232483131737 
790 0.03386802745568673 0.0484149102300947 
791 0.0 0.6857403994105097 
792 0.8285354474699498 0.38927692485178933 
793 0.0 0.47438727090855115 
794 0.48224218342821 0.6774569893915049 
795 0.0 0.6950400400762989 
796 0.0 0.28842703471569664 
797 0.41487733702867147 0.1048829931398162 
798 0.907320459500504 0.8273443077823823 
799 0.0 0.19161272491577797 
800 0.12439109451981512 0.746765378362585 
801 0.0 0.7327239191789916 
802 0.0 0.46449983040078935 
803 0.0 0.6370377482871502 
804 0.0 0.05298982488627557 
805 0.8333997561543572 0.28962859066434 
806 0.0 0.7515613771698297 
807 0.0 0.7428613471493757 
808 0.8739260457961605 0.7605961200498221 
809 0.8106409958515418 0.04730828037876145 
810 0.3579833958062175 0.34388362721039534 
811 0.0 0.283314959831809 
812 0.0 0.6575729523748385 
813 0.0 0.8294214494354045 
814 0.0 0.21167125313161228 
815 0.0 0.350606042151828 
816 0.0 0.17925072560691657 
817 0.0 0.18683283155460695 
818 0.0 0.9528365142173548 
819 0.0 0.6106553230172238 
820 0.0 0.9954157963104812 
821 0.0 0.46122836673655365 
822 0.0 0.6619570597030707 
823 0.0 0.13828623523575134 
824 0.0 0.3160846177196197 
825 0.0 0.4620798979494658 
826 0.0 0.6034988262701485 
827 0.39824748173767743 0.8646258317751724 
828 0.0 0.5321666365970302 
829 0.0 0.2913474903022454 
830 0.07514826362844473 0.12481525421545814 
831 0.0 0.2606078828229864 
832 0.8006094930018494 0.7590482771703512 
833 0.0 0.010905679394166423 
834 0.0 0.2562653405288293 
835 0.0 0.1880424204603922 
836 0.33151681787390996 0.4001694309591164 
837 0.0 0.5100738088077907 
838 0.7191848136286672 0.18621344868593714 
839 0.40466884949938753 0.38645352056582327 
840 0.0 0.7139516788173647 
841 0.0 0.32157949069548375 
842 0.9453427432383287 0.7489155595906747 
843 0.0 0.44986289505124455 
844 0.5859579894829898 0.5288236594923066 
845 0.0 0.23629663125326394 
846 0.0 0.557708121082409 
847 0.0 0.9675164153600717 
848 0.036271824313449 0.24345727635347325 
849 0.0 0.3587616769944352 
850 0.0 0.5606020471734191 
851 0.0 0.7868141327372236 
852 0.5900676539902296 0.41000543160732483 
853 0.0 0.22465584905105696 
854 0.5900354768204616 0.41144511155335173 
855 0.0 0.07066361429639778 
856 0.0 0.6181158428355584 
857 0.7322017752295734 0.21442492439084082 
858 0.47468134538428963 0.08019504757683305 
859 0.0 0.9667246653766282 
860 0.0 0.6064586290226223 
861 0.4704150935374012 0.6890949256078548 
862 0.0 0.1284326706486656 
863 0.0 0.7454005814243828 
864 0.0 0.32614534233123704 
865 0.4409887378149495 0.08767256352243391 
866 0.0 0.8181452585164894 
867 0.0 0.9708291186071115 
868 0.0 0.3528055185381864 
869 0.523424346827843 0.0402428850432065 
870 0.0 0.1413306916717696 
871 0.0 0.527632006336655 
872 0.0 0.5966612085988968 
873 0.4673878027514804 0.12328300893100053 
874 0.0 0.9149156486941709 
875 0.0 0.6811766091999123 
876 0.4604477416412862 0.6525757717880724 
877 0.033238009993908024 0.7064398136995151 
878 0.0 0.47417221960153555 
879 0.0 0.6828310566852789 
880 0.0 0.5331618364672823 
881 0.0 0.6585650090274281 
882 0.0 0.15522212871441166 
883 0.929837805742664 0.41069532784754936 
884 0.0 0.5501971655501138 
885 0.9021837642839393 0.5141212307815516 
886 0.3817564127756128 0.7951899517976737 
887 0.0 0.8184867425945653 
888 0.0 0.5444290605648681 
889 0.2191385767834697 0.3847317100363682 
890 0.0 0.02735648215261144 
891 0.0 0.06037490482919383 
892 0.49791156495684796 0.10602349111229692 
893 0.0 0.029372480255739797 
894 0.0 0.7324600342139334 
895 0.0 0.8613987965632056 
896 0.0 0.8393238374451322 
897 0.0 0.056457012150535335 
898 0.23871399354634615 0.23130250663974317 
899 0.0 0.05691248070132948 
900 0.013189221099618509 0.45333816300023855 
901 0.0 0.19920402632326117 
902 0.6065662189634944 0.8482282483390862 
903 0.0 0.3665411654914168 
904 0.856439091158525 0.2978178919358977 
905 0.6468379275440446 0.9602801878290694 
906 0.49215410418480565 0.46410504167063826 
907 0.44710355291060555 0.5287163321150948 
908 0.7897792058922002 0.22547126307461185 
909 0.06384165718555701 0.9319438207915914 
910 0.0 0.924633002712177 
911 0.0 0.16843860262855614 
912 0.0 0.9971637052026978 
913 0.0 0.02430078578935191 
914 0.0 0.21814200321123867 
915 0.0 0.45400521521917203 
916 0.6245369048125299 0.20004688070628507 
917 0.5569722187358229 0.4809721157891059 
918 0.0 0.8684487846089454 
919 0.0 0.5257799703579591 
920 0.9952902675194685 0.17446197011185138 
921 0.24897492831176227 0.478061649516325 
922 0.0 0.9759621749857385 
923 0.0 0.7719791559566933 
924 0.5548600536237456 0.6913403154249531 
925 0.0 0.6256874393742624 
926 0.0 0.5407402513644195 
927 0.0 0.2835395862442701 
928 0.9729982038251466 0.3428286088283047 
929 0.0 0.12950552090266232 
930 0.0 0.33717501458361765 
931 0.0 0.9729833215347622 
932 0.0 0.927556405729606 
933 0.0 0.7547546224696875 
934 0.0 0.5942366725517072 
935 0.4346769919863577 0.3115841200052061 
936 0.0 0.430750491848925 
937 0.8211456102820228 0.05438433423003375 
938 0.0 0.38407597150519845 
939 0.0 0.649376970401479 
940 0.0 0.508867448432253 
941 0.3524045205350289 0.6414742644300013 
942 0.9046838716393244 0.36761296311579494 
943 0.0 0.2814154413981306 
944 0.0 0.8460325815628085 
945 0.0 0.8746613307283712 
946 0.16226833993976497 0.16954879876660722 
947 0.5147489951828228 0.4868617597027468 
948 0.0 0.9910356573143384 
949 0.0 0.1418819882410658 
950 0.0 0.9228844610578248 
951 0.0 0.502950030939181 
952 0.0 0.4932833776840383 
953 0.920413205114745 0.2881006119990981 
954 0.0 0.3700488194070011 
955 0.0 0.97682624306151 
956 0.0 0.9922891725121176 
957 0.0 0.9955378892991233 
958 0.0 0.750384387987616 
959 0.696837138844732 0.7834711614837897 
960 0.9395426703019177 0.37111778453181477 
961 0.35377510800820056 0.4628471199408495 
962 0.16701149570401608 0.5594911864587898 
963 0.0 0.7066073322018663 
964 0.0 0.1535813137167399 
965 0.0 0.4555345800447135 
966 0.0 0.8879950243969763 
967 0.0 0.7657100133406859 
968 0.0 0.3839906893365329 
969 0.622734165479832 0.0760170581503059 
970 0.4639066563568883 0.04081805207763378 
971 0.0 0.6566220988096095 
972 0.0 0.3839899274885039 
973 0.0 0.867170003910605 
974 0.0 0.1695899301582977 
975 0.011411658438414296 0.1737518067238022 
976 0.047321372388065774 0.7507293038266936 
977 0.5656279742709449 0.8913129498470148 
978 0.0 0.8230963471680139 
979 0.0 0.4575515579508228 
980 0.0 0.49056463553123153 
981 0.6966757014418159 0.38032815033133105 
982 0.0 0.37334889274799166 
983 0.0 0.984615296875424 
984 0.0 0.21107926797574095 
985 0.0 0.660854228960783 
986 0.0 0.3700809957057053 
987 0.0 0.08882546618343079 
988 0.0 0.8370418448583782 
989 0.10057097751885369 0.7618528394254953 
990 0.0 0.1384245863298248 
991 0.0 0.4255166066102838 
992 0.0 0.08051035752587021 
993 0.26180608173438524 0.6903907366683775 
994 0.0 0.9955266125088565 
995 0.0 0.5708645692103596 
996 0.0 0.324648856380528 
997 0.0 0.2650284773681074 
998 0.0 0.938063670165655 
999 0.0 0.3216460380739965 
1000 0.0 0.5663860107272479 
1001 0.16905894858923443 0.4622280043232835 
1002 0.0 0.9083934156471283 
1003 0.0 0.5152707386221026 
1004 0.0 0.3505295593787451 
